54157	4311	12420	1975	1	1	-155	-6.3	-21.6
54157	4311	12420	1975	1	2	-138	-7.2	-18.2
54157	4311	12420	1975	1	3	-143	-4.5	-21.1
54157	4311	12420	1975	1	4	-94	-4.6	-13
54157	4311	12420	1975	1	5	-137	-7.6	-17.2
54157	4311	12420	1975	1	6	-73	-9	-17.6
54157	4311	12420	1975	1	7	-33	-2	-8.1
54157	4311	12420	1975	1	8	-96	-5.2	-15.1
54157	4311	12420	1975	1	9	-143	-7.6	-19.4
54157	4311	12420	1975	1	10	-181	-12.3	-22.8
54157	4311	12420	1975	1	11	-173	-9.3	-22.6
54157	4311	12420	1975	1	12	-128	-5.4	-19.1
54157	4311	12420	1975	1	13	-150	-5.7	-22.6
54157	4311	12420	1975	1	14	-97	-2.5	-13.2
54157	4311	12420	1975	1	15	-165	-10.2	-20.7
54157	4311	12420	1975	1	16	-182	-11.2	-22.2
54157	4311	12420	1975	1	17	-168	-12.3	-19.9
54157	4311	12420	1975	1	18	-149	-10.8	-16.9
54157	4311	12420	1975	1	19	-131	-7.6	-16.8
54157	4311	12420	1975	1	20	-138	-5.4	-18.1
54157	4311	12420	1975	1	21	-100	-4.6	-15.4
54157	4311	12420	1975	1	22	-68	-1.8	-11.6
54157	4311	12420	1975	1	23	-43	-1.8	-14.3
54157	4311	12420	1975	1	24	-78	3	-16.8
54157	4311	12420	1975	1	25	-170	-10.7	-21.9
54157	4311	12420	1975	1	26	-145	-9.3	-20.8
54157	4311	12420	1975	1	27	-133	-7	-16
54157	4311	12420	1975	1	28	-181	-12.3	-23.2
54157	4311	12420	1975	1	29	-147	-9.5	-18.1
54157	4311	12420	1975	1	30	-142	-7.2	-20.9
54157	4311	12420	1975	1	31	-39	3	-12.6
54213	4257	11902	1975	1	1	-118	-5.8	-17.8
54213	4257	11902	1975	1	2	-97	-3.6	-15.1
54213	4257	11902	1975	1	3	-122	-3.5	-19.6
54213	4257	11902	1975	1	4	-94	-5.1	-11.9
54213	4257	11902	1975	1	5	-122	-3.5	-20.9
54213	4257	11902	1975	1	6	-68	2.4	-14.7
54213	4257	11902	1975	1	7	-71	9	-13.9
54213	4257	11902	1975	1	8	-93	-6.4	-12
54213	4257	11902	1975	1	9	-116	-3.7	-17.9
54213	4257	11902	1975	1	10	-139	-8	-17.3
54213	4257	11902	1975	1	11	-95	-3.5	-18.6
54213	4257	11902	1975	1	12	-28	2.3	-9.2
54213	4257	11902	1975	1	13	-73	1.7	-12.8
54213	4257	11902	1975	1	14	-57	-3.2	-13.3
54213	4257	11902	1975	1	15	-122	-8.2	-15
54213	4257	11902	1975	1	16	-141	-10.6	-16
54213	4257	11902	1975	1	17	-136	-10.6	-16.4
54213	4257	11902	1975	1	18	-121	-8.1	-14.6
54213	4257	11902	1975	1	19	-110	-6.3	-14.6
54213	4257	11902	1975	1	20	-132	-5.6	-20.3
54213	4257	11902	1975	1	21	-98	-5	-17.4
54213	4257	11902	1975	1	22	-79	3	-14
54213	4257	11902	1975	1	23	-73	3.5	-15
54213	4257	11902	1975	1	24	-95	-2.6	-13.7
54213	4257	11902	1975	1	25	-119	-2.6	-18
54213	4257	11902	1975	1	26	-105	-3.1	-18.1
54213	4257	11902	1975	1	27	-132	-9.1	-16.8
54213	4257	11902	1975	1	28	-152	-8.6	-20.7
54213	4257	11902	1975	1	29	-135	-9.3	-17.6
54213	4257	11902	1975	1	30	-114	-5	-19.6
54213	4257	11902	1975	1	31	-56	2.3	-11.9
54218	4216	11858	1975	1	1	-125	-4.2	-18.4
54218	4216	11858	1975	1	2	-97	4	-16
54218	4216	11858	1975	1	3	-103	-1.9	-18
54218	4216	11858	1975	1	4	-59	-2.4	-8.8
54218	4216	11858	1975	1	5	-100	-8	-14.6
54218	4216	11858	1975	1	6	-54	3	-12.3
54218	4216	11858	1975	1	7	-33	3.1	-7.1
54218	4216	11858	1975	1	8	-84	-4.3	-12.1
54218	4216	11858	1975	1	9	-101	-5	-17.2
54218	4216	11858	1975	1	10	-137	-4.2	-19.6
54218	4216	11858	1975	1	11	-95	-1.7	-17.7
54218	4216	11858	1975	1	12	-10	4.9	-7.5
54218	4216	11858	1975	1	13	-67	3.2	-13.3
54218	4216	11858	1975	1	14	-93	-3	-15.2
54218	4216	11858	1975	1	15	-128	-5.6	-18.2
54218	4216	11858	1975	1	16	-145	-7.3	-20.9
54218	4216	11858	1975	1	17	-121	-7.3	-16.6
54218	4216	11858	1975	1	18	-96	-5.4	-13.5
54218	4216	11858	1975	1	19	-114	-2.9	-16.7
54218	4216	11858	1975	1	20	-142	-4	-20.9
54218	4216	11858	1975	1	21	-101	-4	-17.5
54218	4216	11858	1975	1	22	-70	1.8	-14.5
54218	4216	11858	1975	1	23	-43	5.4	-14.1
54218	4216	11858	1975	1	24	-64	0	-11.2
54218	4216	11858	1975	1	25	-100	-1	-16.4
54218	4216	11858	1975	1	26	-96	-1.1	-16.5
54218	4216	11858	1975	1	27	-106	-6.2	-14
54218	4216	11858	1975	1	28	-144	-6.5	-20.9
54218	4216	11858	1975	1	29	-115	-5.8	-17.5
54218	4216	11858	1975	1	30	-101	-8	-20.3
54218	4216	11858	1975	1	31	-27	-3.6	-9.9
54226	4220	12042	1975	1	1	-122	-6.5	-18
54226	4220	12042	1975	1	2	-89	-3.5	-17.3
54226	4220	12042	1975	1	3	-120	-3.6	-19.1
54226	4220	12042	1975	1	4	-97	-6	-11.2
54226	4220	12042	1975	1	5	-111	-4.7	-16.9
54226	4220	12042	1975	1	6	-76	0	-15.4
54226	4220	12042	1975	1	7	-51	2.6	-11.5
54226	4220	12042	1975	1	8	-69	-3.7	-11.7
54226	4220	12042	1975	1	9	-99	-3.9	-14.9
54226	4220	12042	1975	1	10	-136	-9.2	-17.5
54226	4220	12042	1975	1	11	-82	-4.5	-13.3
54226	4220	12042	1975	1	12	-15	-2.7	-9.4
54226	4220	12042	1975	1	13	-80	-5	-12.3
54226	4220	12042	1975	1	14	-68	-1	-13
54226	4220	12042	1975	1	15	-106	-7.8	-13.7
54226	4220	12042	1975	1	16	-128	-8.9	-15.1
54226	4220	12042	1975	1	17	-126	-9.7	-15.1
54226	4220	12042	1975	1	18	-110	-8	-13.6
54226	4220	12042	1975	1	19	-108	-5.2	-15
54226	4220	12042	1975	1	20	-117	-5.2	-17.3
54226	4220	12042	1975	1	21	-95	1.7	-18.3
54226	4220	12042	1975	1	22	-89	1.2	-16.5
54226	4220	12042	1975	1	23	-61	6.1	-15.2
54226	4220	12042	1975	1	24	-85	1	-14
54226	4220	12042	1975	1	25	-129	-2	-20.9
54226	4220	12042	1975	1	26	-84	-1.5	-15.1
54226	4220	12042	1975	1	27	-102	-6.1	-13.8
54226	4220	12042	1975	1	28	-152	-9.3	-18.4
54226	4220	12042	1975	1	29	-123	-8.2	-18.9
54226	4220	12042	1975	1	30	-112	-9	-20.2
54226	4220	12042	1975	1	31	-73	4.4	-16.6
54236	4225	12232	1975	1	1	-128	-5.7	-17.5
54236	4225	12232	1975	1	2	-133	-4.7	-19.5
54236	4225	12232	1975	1	3	-128	-4.6	-18
54236	4225	12232	1975	1	4	-94	-6.3	-12.7
54236	4225	12232	1975	1	5	-128	-5.7	-16.1
54236	4225	12232	1975	1	6	-89	-3	-19.6
54236	4225	12232	1975	1	7	-45	1.3	-9.3
54236	4225	12232	1975	1	8	-74	-3.7	-9.6
54236	4225	12232	1975	1	9	-109	-4.3	-15.5
54236	4225	12232	1975	1	10	-160	-10.8	-18.8
54236	4225	12232	1975	1	11	-147	-6	-23.2
54236	4225	12232	1975	1	12	-93	1.5	-18.5
54236	4225	12232	1975	1	13	-104	-4.3	-16.4
54236	4225	12232	1975	1	14	-90	-3	-16.1
54236	4225	12232	1975	1	15	-117	-7.2	-14.3
54236	4225	12232	1975	1	16	-147	-9.3	-18.7
54236	4225	12232	1975	1	17	-142	-10	-17.3
54236	4225	12232	1975	1	18	-118	-7.3	-15.5
54236	4225	12232	1975	1	19	-109	-4.7	-14
54236	4225	12232	1975	1	20	-121	-3.2	-19.9
54236	4225	12232	1975	1	21	-103	-2.3	-19.5
54236	4225	12232	1975	1	22	-80	1.2	-12.5
54236	4225	12232	1975	1	23	-34	4.9	-14.5
54236	4225	12232	1975	1	24	-57	1	-10.6
54236	4225	12232	1975	1	25	-127	-6.4	-20.5
54236	4225	12232	1975	1	26	-113	-5.5	-19.4
54236	4225	12232	1975	1	27	-106	-4.9	-17.8
54236	4225	12232	1975	1	28	-144	-9.5	-19
54236	4225	12232	1975	1	29	-140	-7.4	-19
54236	4225	12232	1975	1	30	-135	-3	-22.4
54236	4225	12232	1975	1	31	-41	3.2	-10.3
54237	4202	12139	1975	1	1	-119	-4.2	-17.3
54237	4202	12139	1975	1	2	-113	-3.2	-17.3
54237	4202	12139	1975	1	3	-110	-3.2	-17.4
54237	4202	12139	1975	1	4	-88	-5.2	-11.3
54237	4202	12139	1975	1	5	-134	-6	-17.5
54237	4202	12139	1975	1	6	-77	-1	-17.6
54237	4202	12139	1975	1	7	-55	2.5	-11.1
54237	4202	12139	1975	1	8	-73	-2.9	-10.6
54237	4202	12139	1975	1	9	-96	-2.9	-14.2
54237	4202	12139	1975	1	10	-143	-8.8	-18.7
54237	4202	12139	1975	1	11	-134	-3.6	-21
54237	4202	12139	1975	1	12	-60	3	-14.8
54237	4202	12139	1975	1	13	-76	1	-14.5
54237	4202	12139	1975	1	14	-79	3	-15.3
54237	4202	12139	1975	1	15	-110	-5.7	-13.5
54237	4202	12139	1975	1	16	-129	-6.7	-17.1
54237	4202	12139	1975	1	17	-129	-8	-16.2
54237	4202	12139	1975	1	18	-114	-6.3	-15.3
54237	4202	12139	1975	1	19	-95	-3.3	-12.6
54237	4202	12139	1975	1	20	-118	-2.2	-17.7
54237	4202	12139	1975	1	21	-101	-1.1	-17.3
54237	4202	12139	1975	1	22	-79	2.9	-15.4
54237	4202	12139	1975	1	23	-53	4.8	-14.7
54237	4202	12139	1975	1	24	-58	0	-10.7
54237	4202	12139	1975	1	25	-123	-6.1	-18.2
54237	4202	12139	1975	1	26	-104	-4.4	-16.8
54237	4202	12139	1975	1	27	-106	-4.1	-15.8
54237	4202	12139	1975	1	28	-142	-8.8	-19.2
54237	4202	12139	1975	1	29	-133	-5.5	-18.6
54237	4202	12139	1975	1	30	-129	-1.8	-21
54237	4202	12139	1975	1	31	-64	3.1	-13.7
54243	4245	12408	1975	1	1	-126	-6.7	-18.7
54243	4245	12408	1975	1	2	-131	-6.3	-19.2
54243	4245	12408	1975	1	3	-118	-4.1	-17.2
54243	4245	12408	1975	1	4	-78	-4.8	-11.3
54243	4245	12408	1975	1	5	-133	-7.3	-19.7
54243	4245	12408	1975	1	6	-61	-1	-15.5
54243	4245	12408	1975	1	7	-24	-1	-6.9
54243	4245	12408	1975	1	8	-87	-5.3	-11.8
54243	4245	12408	1975	1	9	-140	-7.8	-18.9
54243	4245	12408	1975	1	10	-174	-12.1	-21.8
54243	4245	12408	1975	1	11	-165	-9.4	-22
54243	4245	12408	1975	1	12	-117	-4.6	-17.9
54243	4245	12408	1975	1	13	-133	-6.7	-18.7
54243	4245	12408	1975	1	14	-88	-2.7	-13.6
54243	4245	12408	1975	1	15	-147	-7.4	-19.3
54243	4245	12408	1975	1	16	-174	-11.4	-22.5
54243	4245	12408	1975	1	17	-171	-12.6	-21.8
54243	4245	12408	1975	1	18	-149	-11.4	-17.9
54243	4245	12408	1975	1	19	-129	-7.4	-15.4
54243	4245	12408	1975	1	20	-133	-7.1	-19.2
54243	4245	12408	1975	1	21	-86	-4.3	-14.6
54243	4245	12408	1975	1	22	-45	-8	-6.9
54243	4245	12408	1975	1	23	-37	2.1	-9.4
54243	4245	12408	1975	1	24	-65	-3	-14.2
54243	4245	12408	1975	1	25	-157	-10.4	-22.4
54243	4245	12408	1975	1	26	-132	-8.5	-19.8
54243	4245	12408	1975	1	27	-132	-6.8	-16.7
54243	4245	12408	1975	1	28	-176	-12.9	-22.9
54243	4245	12408	1975	1	29	-141	-9.2	-17.6
54243	4245	12408	1975	1	30	-128	-7.2	-21.6
54243	4245	12408	1975	1	31	-44	-7	-9.6
54254	4232	12403	1975	1	1	-136	-6.4	-18.7
54254	4232	12403	1975	1	2	-140	-5.5	-20.2
54254	4232	12403	1975	1	3	-138	-5.5	-19.9
54254	4232	12403	1975	1	4	-86	-3.4	-14.7
54254	4232	12403	1975	1	5	-141	-6.7	-19.4
54254	4232	12403	1975	1	6	-75	0	-18.8
54254	4232	12403	1975	1	7	-23	8	-7.2
54254	4232	12403	1975	1	8	-77	-3.2	-13.4
54254	4232	12403	1975	1	9	-134	-7	-19
54254	4232	12403	1975	1	10	-173	-11.6	-22.9
54254	4232	12403	1975	1	11	-180	-9	-22
54254	4232	12403	1975	1	12	-127	-3.8	-20.8
54254	4232	12403	1975	1	13	-151	-5.7	-22.1
54254	4232	12403	1975	1	14	-94	-1.8	-15
54254	4232	12403	1975	1	15	-150	-9.4	-20.6
54254	4232	12403	1975	1	16	-182	-10.6	-23.4
54254	4232	12403	1975	1	17	-177	-12.5	-22.5
54254	4232	12403	1975	1	18	-151	-11.3	-18.2
